[{"isCollection":true,"name":"sit_mini","nbt":"","settings":{"defaultBrightness":false},"mainNBT":"","transforms":[1,0,0,0,0,1,0,0,0,0,1,0,0,0,0,1],"children":[{"isCollection":true,"isBackCollection":false,"name":"left hand","nbt":"","transforms":[-0.9667140608267968,-0.17045777155400832,0.19080899537654436,0.9181415943874855,-0.1736481776669303,0.984807753012208,-1.214306433183765e-16,0.004456021571981439,-0.18791017799129142,-0.03313363432959478,-0.9816271834476642,0.5236773558979553,0,0,0,1],"children":[{"isItemDisplay":true,"name":"player_head[display=none]","brightness":{"sky":15,"block":0},"nbt":"","tagHead":{"Value":"plcleft_arm1"},"textureValueList":[],"paintTexture":null,"transforms":[0.35,0,0,0.09296875000000004,0,0.35,0,0.5334375,0,0,0.35,0.0929687500000001,0,0,0,1],"defaultTextureValue":"plcleft_arm1"},{"isItemDisplay":true,"name":"player_head[display=none]","brightness":{"sky":15,"block":0},"nbt":"","tagHead":{"Value":"plcleft_arm2"},"textureValueList":[],"paintTexture":null,"transforms":[0.35,0,0,0.09296875000000004,0,0.7,0,0.36093749999999997,0,0,0.35,0.0929687500000001,0,0,0,1],"defaultTextureValue":"plcleft_arm2"}],"pivotCustom":[0.09296875000000004,0.5265625,0.0929687500000001],"defaultTransform":{"position":[0.7562499999999999,0.5068749999999999,0.3975],"rotation":{"x":3.141592653589793,"y":0.1919862177193758,"z":2.9670597283903604},"scale":[1,1,1]}},{"isCollection":true,"isBackCollection":false,"name":"right hand","nbt":"","transforms":[-0.9828867607227294,0.138135725769902,-0.12186934340514803,0.2325,0.13917310096006527,0.9902680687415704,1.214306433183765e-16,0.505625,0.12068331933261918,-0.016960934433661416,-0.9925461516413217,0.391875,0,0,0,1],"children":[{"isItemDisplay":true,"name":"player_head[display=none]","brightness":{"sky":15,"block":0},"nbt":"","tagHead":{"Value":"plcright_arm1"},"textureValueList":[],"paintTexture":null,"transforms":[0.35,0,0,0,0,0.35,0,0.0068749999999999645,0,0,0.35,0,0,0,0,1],"defaultTextureValue":"plcright_arm1"},{"isItemDisplay":true,"name":"player_head[display=none]","brightness":{"sky":15,"block":0},"nbt":"","tagHead":{"Value":"plcright_arm2"},"textureValueList":[],"paintTexture":null,"transforms":[0.35,0,0,0,0,0.7,0,-0.16562500000000008,0,0,0.35,0,0,0,0,1],"defaultTextureValue":"plcright_arm2"}],"defaultTransform":{"position":[0.2325,0.505625,0.391875],"rotation":{"x":-3.141592653589793,"y":-0.12217304763960363,"z":-3.001966313430247},"scale":[1,1,1]}},{"isCollection":true,"isBackCollection":false,"name":"right leg","nbt":"","transforms":[-0.9659258262890682,0.25881904510252063,0,0.38911303714044726,-2.498001805406602e-16,-8.881784197001252e-16,-1,0.18773437500000054,-0.2588190451025206,-0.9659258262890684,9.992007221626409e-16,0.9378988022467722,0,0,0,1],"children":[{"isItemDisplay":true,"name":"player_head[display=none]","brightness":{"sky":15,"block":0},"nbt":"","tagHead":{"Value":"plcright_leg2"},"textureValueList":[],"paintTexture":null,"transforms":[0.375,0,0,0.099609375,0,0.375,0,0.193359375,0,0,0.375,0.099609375,0,0,0,1],"defaultTextureValue":"plcright_leg2"},{"isItemDisplay":true,"name":"player_head[display=none]","brightness":{"sky":15,"block":0},"nbt":"","tagHead":{"Value":"plcright_leg1"},"textureValueList":[],"paintTexture":null,"transforms":[0.375,0,0,0.099609375,0,0.75,0,0.568359375,0,0,0.375,0.099609375,0,0,0,1],"defaultTextureValue":"plcright_leg1"}],"pivotCustom":[0.099609375,0.568359375,0.099609375],"defaultTransform":{"position":[0.44,0.088125,0.36312500000000003],"rotation":{"x":1.5707963267948957,"y":0,"z":-2.879793265790644},"scale":[1,1,1]}},{"isCollection":true,"isBackCollection":false,"name":" left leg","nbt":"","transforms":[-0.9659258262890682,-0.25881904510252096,-3.0531133177191805e-16,0.55625,3.608224830031759e-16,0,-0.9999999999999999,0.088125,0.25881904510252096,-0.9659258262890681,2.220446049250313e-16,0.3625,0,0,0,1],"children":[{"isItemDisplay":true,"name":"player_head[display=none]","brightness":{"sky":15,"block":0},"nbt":"","tagHead":{"Value":"plcleft_leg2"},"textureValueList":[],"paintTexture":null,"transforms":[0.375,0,0,0,0,0.375,0,-0.375,0,0,0.375,0,0,0,0,1],"defaultTextureValue":"plcleft_leg2"},{"isItemDisplay":true,"name":"player_head[display=none]","brightness":{"sky":15,"block":0},"nbt":"","tagHead":{"Value":"plcleft_leg1"},"textureValueList":[],"paintTexture":null,"transforms":[0.375,0,0,0,0,0.75,0,0,0,0,0.375,0,0,0,0,1],"defaultTextureValue":"plcleft_leg1"}],"defaultTransform":{"position":[0.55625,0.088125,0.3625],"rotation":{"x":1.5707963267948966,"y":-3.0531133177191805e-16,"z":2.8797932657906435},"scale":[1,1,1]}},{"isCollection":true,"isBackCollection":false,"name":"body","nbt":"","transforms":[1,0,0,0.29622499999999996,0,1,0,-0.00007812500000003997,0,0,1,0.3007906249999999,0,0,0,1],"children":[{"isItemDisplay":true,"name":"player_head[display=none]","brightness":{"sky":15,"block":0},"nbt":"","tagHead":{"Value":"plcbody1"},"textureValueList":[],"paintTexture":null,"transforms":[-0.76,7.960204194457797e-17,0,0.20187500000000003,9.307315673519885e-17,0.65,4.592425496802574e-17,0.49267812499999997,1.1398174348230118e-32,7.960204194457797e-17,-0.375,0.09960937500000006,0,0,0,1],"defaultTextureValue":"plcbody1"},{"isItemDisplay":true,"name":"player_head[display=none]","brightness":{"sky":15,"block":0},"nbt":"","tagHead":{"Value":"plcbody2"},"textureValueList":[],"paintTexture":null,"transforms":[-0.76,3.9801020972288984e-17,0,0.20190000000000002,9.307315673519885e-17,0.325,4.592425496802574e-17,0.16757812500000002,1.1398174348230118e-32,3.9801020972288984e-17,-0.375,0.09983437500000009,0,0,0,1],"defaultTextureValue":"plcbody2"}],"pivotCustom":[0.20377500000000004,0.25007812500000004,0.07420937500000008],"defaultTransform":{"position":[0.5,0.25,0.375],"rotation":{"x":0,"y":0,"z":0},"scale":[1,1,1]}},{"isItemDisplay":true,"name":"player_head[display=none]","brightness":{"sky":15,"block":0},"nbt":"","tagHead":{"Value":"plchead"},"textureValueList":[],"paintTexture":null,"transforms":[-1,1.2246467991473532e-16,0,0.5,1.2246467991473532e-16,1,1.2246467991473532e-16,0.99375,1.4997597826618576e-32,1.2246467991473532e-16,-1,0.405,0,0,0,1],"defaultTextureValue":"plchead"}],"listAnim":[{"id":1,"name":"Default"}]}]